31049713610
31049239332
31046642128
31044652682
31041733095
31037408489
31018517570
31018358121
31018236006
30959589726
30948628959
30924647869
30922413666
30845550591
30548253447
30545728082
30545534947
30545147725
30542192441
30489135782
30316862747
30297882994
30297464507
30243820525
30238712653
30238083516
30237335526
30236388190
30229930408
30227816825
30227039089
30226992011
30226028646
30221175320
30220315705
30219494107
30219288614
30218663634
30217197809
30216340950
30215596706
30214310195
30209293571
30190003111
30189864207
30167227191
30135396695
30135388693
30135171043
30134573402
30130736118
30119847587
30115645866
30114232654
30111882255
30071141036
30070850414
30069732528
30069225053
30069074258
30068958414
30068537552
30068476780
30066282244
30065873928
30065415443
30064088672
29967501518
29963669088
29963542963
29962684382
...skipping...
19199576398
19199480782
19316352125
19303632149
19303519688
19302440204
19302086419
19244350239
19243368989
19243194012
19230625065
19200050574
19200049592
19200048608
19199624936
19199590586
19199576398
19199480782
19184427566
19184112774
19180008959
19172231484
19171845947
19170513954
19170140937
19149346500
19148202601
19146214005
19145776400
19145693983
19145250214
19144770204
19143517097
19143110600
19140445858
19116733483
19116370763
19114270900
19079622615
19020897675
19020888779
19014521074
19014515761
19014494209
19014485518
18961184981
18957195899
18957122588
18956780289
31049713610
31049239332
31046642128
31044652682
31041733095
31037408489
31018517570
31018358121
31018236006
30959589726
30948628959
30924647869
30922413666
30845550591
30548253447
30545728082
30545534947
30545147725
30542192441
30489135782
30316862747
30297882994
30297464507
30243820525
30238712653
30238083516
30237335526
30236388190
30229930408
30227816825
30227039089
30226992011
30226028646
30221175320
30220315705
30219494107
30219288614
30218663634
30217197809
30216340950
30215596706
30214310195
30209293571
30190003111
30189864207
30167227191
30135396695
30135388693
30135171043
30134573402
30130736118
30119847587
30115645866
30114232654
30111882255
30071141036
30070850414
30069732528
30069225053
30069074258
30068958414
30068537552
30068476780
30066282244
30065873928
30065415443
30064088672
29967501518
29963669088
29963542963
29962684382
29958390744
29955383699
29955174162
29954513532
29952455562
29952247081
29950140182
29949530815
29948511447
29948198745
29947647947
29936996921
29936315358
29894041893
29891816704
29891400261
29889225925
29885632841
29879149965
29878725152
29877842951
...skipping...
19184427566
19184112774
19180008959
19172231484
19171845947
19170513954
19170140937
19149346500
19148202601
19146214005
19145776400
19145693983
19145250214
19144770204
19143517097
19143110600
19140445858
19116733483
19116370763
19114270900
19079622615
19020897675
19020888779
19014521074
19014515761
19014494209
19014485518
18961184981
18957195899
18957122588
18956780289
18956751496
18956372949
18955885512
18954514816
18953831984
18952338014
18924860921
18924678673
18922680433
18922140334
18920939970
18920353693
18920184079
18920137223
18920067430
18919282015
